918
1 476
2 796
3 60
4 354
5 10
6 172
7 116
8 646
9 725
11 87
12 703
13 273
14 737
15 900
16 498
17 929
18 754
20 989
21 821
22 53
23 671
24 859
25 690
26 886
27 394
29 788
30 77
31 881
32 167
34 794
35 958
36 852
37 94
38 180
39 43
40 269
41 52
42 844
44 819
45 383
46 652
47 632
48 119
49 97
50 731
51 138
54 142
55 245
56 776
57 158
58 127
59 687
61 72
62 668
63 157
64 415
65 407
67 626
68 722
69 203
70 592
71 462
73 458
75 147
76 874
78 145
79 179
80 931
81 972
82 423
83 905
84 130
85 229
86 679
88 461
89 162
90 391
91 106
92 969
95 606
96 795
98 872
99 506
100 798
101 171
102 353
103 755
104 134
105 981
107 660
108 706
110 387
111 271
112 286
113 402
114 364
117 185
118 884
120 200
121 992
122 378
123 345
124 685
125 257
128 868
129 797
131 686
132 252
133 335
135 919
136 765
137 815
139 961
140 296
143 980
144 904
146 502
148 984
149 763
150 319
151 911
152 807
154 736
156 166
159 965
161 479
163 204
164 941
165 716
169 318
170 757
173 870
174 370
175 411
176 189
177 974
178 214
181 888
182 921
183 831
184 635
186 323
187 222
188 322
190 382
191 358
192 876
193 779
194 695
195 198
196 330
197 201
199 224
202 945
205 568
206 629
207 428
208 472
209 724
211 234
212 475
213 896
215 444
216 878
217 586
218 752
219 303
220 709
221 302
223 550
225 748
226 760
227 268
230 805
231 469
232 331
233 310
235 893
236 367
237 848
238 347
239 689
240 962
241 546
242 826
244 352
246 262
248 790
250 563
251 485
253 768
254 261
255 948
258 357
259 362
260 973
263 600
264 769
265 926
266 521
267 308
270 875
272 324
274 483
275 898
276 295
277 337
278 663
279 343
280 294
281 657
283 674
284 480
285 421
288 373
289 723
290 851
291 299
292 858
293 901
297 395
298 386
300 925
301 350
304 339
306 525
307 834
309 311
314 670
315 801
316 477
317 393
320 510
325 942
326 707
327 927
328 530
329 492
332 976
333 664
334 448
336 527
338 799
341 705
342 544
344 827
346 465
348 999
349 946
351 856
355 744
356 404
359 389
360 557
361 374
363 824
365 841
366 372
368 934
369 554
371 484
375 487
376 887
377 787
379 553
380 430
381 793
384 460
385 954
388 631
390 536
392 516
396 456
398 727
399 675
400 426
401 616
403 928
405 783
406 595
408 659
409 464
410 711
412 944
413 913
414 488
416 574
418 838
419 751
420 882
422 604
424 473
425 712
427 773
429 717
431 609
432 482
433 749
434 661
435 515
436 750
437 587
438 441
440 704
442 812
443 495
445 446
449 478
451 823
453 696
454 873
455 573
457 692
459 560
463 518
468 734
470 930
471 837
474 891
481 514
486 512
489 672
490 614
491 505
493 497
494 908
496 608
499 636
500 542
501 756
503 590
504 520
507 541
509 842
513 642
517 562
519 883
522 822
523 853
524 602
526 577
528 710
529 613
531 581
532 656
533 947
534 949
535 681
539 742
540 956
543 638
545 570
547 715
548 998
549 845
551 647
552 811
555 861
556 649
559 959
564 680
565 738
566 860
567 894
569 993
571 939
572 840
576 665
578 832
579 809
580 897
582 817
583 651
584 721
585 932
588 682
589 782
591 774
593 610
594 759
597 781
598 863
601 764
603 800
605 902
607 653
611 963
612 662
615 666
617 843
618 743
620 708
621 803
622 985
623 684
624 917
625 839
627 964
628 693
630 990
639 770
641 983
643 994
644 835
648 810
650 775
655 895
658 924
667 846
673 771
676 906
677 915
683 855
688 767
691 996
694 816
697 730
698 785
700 786
713 966
714 935
718 955
728 830
729 813
733 869
739 975
740 867
745 933
746 953
747 761
753 804
758 978
762 951
766 914
772 950
777 866
778 968
780 922
789 970
791 854
808 880
818 836
820 918
828 952
833 877
849 937
850 885
871 923
879 936
890 907
892 977
903 967
909 988
910 960
912 991
916 940
920 982
938 971
943 957
