10 0 0.0550000667572
10 1 0.0480000972748
10 2 0.0480000972748
10 3 0.047000169754
10 4 0.0450000762939
20 0 0.0519998073578
20 1 0.0549998283386
20 2 0.050999879837
20 3 0.050999879837
20 4 0.074000120163
30 0 0.0499999523163
30 1 0.0520000457764
30 2 0.0480000972748
30 3 0.0519998073578
30 4 0.0599999427795
40 0 0.0600001811981
40 1 2.33099985123
40 2 0.15900015831
40 3 1.12599992752
40 4 0.0599999427795
50 0 0.0570001602173
50 1 0.117000102997
50 2 0.0869998931885
50 3 0.836999893188
50 4 5.44899988174
60 0 37.4179999828
60 1 0.0499999523163
60 2 5.58800005913
60 3 16.6700000763
60 4 0.0699999332428
70 0 156.671000004
70 1 0.100000143051
70 2 15.4000000954
70 3 0.0529999732971
70 4 0.0840001106262
80 0 1411.30800009
80 1 0.0680000782013
80 2 0.0769999027252
80 3 0.0599999427795
80 4 23.7170000076