10 0 0.352999925613
10 1 0.19000005722
10 2 0.197999954224
10 3 0.155999898911
10 4 0.191999912262
20 0 0.411000013351
20 1 0.407999992371
20 2 0.463999986649
20 3 0.313999891281
20 4 0.456000089645
30 0 0.822999954224
30 1 0.717000007629
30 2 0.813999891281
30 3 0.807999849319
30 4 0.798000097275
40 0 0.924999952316
40 1 0.760999917984
40 2 1.03699994087
40 3 1.11999988556
40 4 1.08899998665
50 0 1.21499991417
50 1 1.45700001717
50 2 1.53400015831
50 3 1.11500000954
50 4 1.31500005722
60 0 1.3679997921
60 1 2.22799992561
60 2 1.44400000572
60 3 2.01999998093
60 4 1.47000002861
70 0 1.76399993896
70 1 3.69000005722
70 2 1.75699996948
70 3 1.88800001144
70 4 2.01800012589
80 0 2.39999985695
80 1 2.21099996567
80 2 2.20600008965
80 3 2.44500017166
80 4 3.81200003624
90 0 6.0490000248
90 1 2.78199982643
90 2 2.70000004768
90 3 6.1400001049
90 4 4.40799999237
100 0 5.99899983406
100 1 2.87999987602
100 2 5.59099984169
100 3 2.78799986839
100 4 2.90499997139