100 0 1.83200001717
100 1 1.29399991035
100 2 1.42100000381
100 3 3.04400014877
100 4 2.25800013542
200 0 10.2690000534
200 1 6.70599985123
200 2 5.60800004005
200 3 16.8190000057
200 4 3.45299983025
300 0 15.1569998264
300 1 7.44600009918
300 2 24.2640001774
300 3 33.6920001507
300 4 6.43800020218
400 0 12.0640001297
400 1 12.8460001945
400 2 10.2590000629
400 3 71.9339997768
400 4 22.4530000687
500 0 179.366999865
500 1 13.6360001564
500 2 228.924999952
500 3 202.743999958
500 4 17.1670000553
600 0 468.235000134
600 1 464.777000189
600 2 228.926000118
600 3 410.753000021
600 4 23.5539999008
700 0 651.148000002
700 1 656.392999887
700 2 314.542999983
700 3 30.8550000191
700 4 132.746000051
800 0 945.77699995
800 1 30.5329999924
800 2 64.3280000687
800 3 33.4329998493
800 4 96.5290000439
900 0 43.5290000439
900 1 1101.55100012
900 2 76.6089999676
900 3 48.1459999084
900 4 36.1799998283
1000 0 1116.72199988
1000 1 99.3059999943
1000 2 111.805000067
1000 3 1395.43799996
1000 4 54.2130000591