500 0 11.4019999504
500 1 13.0620000362
500 2 13.128000021
500 3 13.2510001659
500 4 10.9759998322
1000 0 57.0900001526
1000 1 69.998000145
1000 2 60.6559998989
1000 3 58.9389998913
1000 4 56.4590001106
1500 0 148.505999804
1500 1 145.156000137
1500 2 1162.36500001
1500 3 156.594000101
1500 4 161.290999889
2000 0 2710.15899992
2000 1 279.576999903
2000 2 4548.35099983
2000 3 319.369999886
2000 4 308.246999979
2500 0 348.641000032
2500 1 3442.23900008
2500 2 3522.59399986
2500 3 24305.6120002
2500 4 411.263999939
3000 0 4910.37599993
3000 1 599.570999861
3000 2 6046.51300001
3000 3 20968.0240002
3000 4 582.430999994