100 1.43800020218
100 1.35899996758
100 1.51499986649
100 1.125
100 1.31299996376
100 1.31299996376
100 1.09299993515
100 1.42199993134
100 1.40700006485
100 1.06200003624
200 4.07800006866
200 3.875
200 4.32800006866
200 4.01499986649
200 3.65700006485
200 4.42199993134
200 4.75
200 5.06299996376
200 3.98399996758
200 4.03099989891
300 9.6099998951
300 9.73500013351
300 8.00099992752
300 8.35899996758
300 8.50100016594
300 10.9690001011
300 8.95300006866
300 9.46900010109
300 8.96899986267
300 9.51600003242
400 17.625
400 15.1419999599
400 15.4690001011
400 16.4229998589
400 17.736000061
400 22.3440001011
400 19.6730000973
400 22.0160000324
400 17.2349998951
400 16.2820000648
500 26.6730000973
500 26.1419999599
500 25.9219999313
500 23.5630002022
500 27.7039999962
500 28.7669999599
500 27.4389998913
500 26.1099998951
500 25.861000061
500 27.6410000324
600 40.5950000286
600 39.4070000648
600 43.7520000935
600 49.5490000248
600 44.4869999886
600 42.0799999237
600 37.3919999599
600 42.7990000248
600 41.2680001259
600 41.8140001297
700 54.7209999561
700 55.8150000572
700 55.6740000248
700 57.1590001583
700 53.7680001259
700 56.4079999924
700 58.8459999561
700 65.8770000935
700 50.361000061
700 61.4869999886
800 75.9240000248
800 83.5969998837
800 78.628000021
800 92.6909999847
800 80.5490000248
800 78.7679998875
800 77.8149998188
800 80.2220001221
800 70.2210001945
800 80.4249999523
900 94.5349998474
900 101.894999981
900 110.753999949
900 105.42599988
900 99.4570000172
900 116.098999977
900 104.628999949
900 100.441000223
900 104.815999985
900 106.879000187
1000 134.786000013
1000 134.880999804
1000 130.911999941
1000 133.302000046
1000 150.646999836
1000 120.614000082
1000 129.114000082
1000 138.411000013
1000 134.270999908
1000 132.145999908
