0.156000137329
0.155999898911
0.156000137329
0.156000137329
0.15700006485
0.140000104904
0.155999898911
0.171000003815
0.15700006485
0.15700006485
0.18700003624
0.141000032425
0.155999898911
0.156000137329
0.155999898911
0.15700006485
0.171999931335
0.155999898911
0.141000032425
0.577999830246
0.155999898911
0.171999931335
0.18700003624
0.155999898911
0.171000003815
0.15700006485
0.177999973297
0.156000137329
0.18799996376
0.156000137329
0.172000169754
0.235000133514
0.186999797821
0.235000133514
0.171999931335
0.358999967575
0.375
0.156000137329
0.18700003624
0.280999898911
0.219000101089
0.766000032425
0.797000169754
5.64100003242
0.219000101089
0.31299996376
0.37900018692
0.858999967575
1.125
0.155999898911
0.141000032425
5.51600003242
2.06199979782
0.172000169754
1.42199993134
0.358999967575
1.78099989891
3.14100003242
1.74100017548
0.516000032425
21.5310001373
61.3429999352
0.860000133514
0.828000068665
11.6879999638
24.1890001297
237.014000177
45.7630000114
0.406000137329
0.21799993515
238.794000149
28.0469999313
0.390999794006
241
43.2179999352
7.07800006866
3.81300020218
33.7490000725
241
241
241
11.7980000973
241
241
241
241
17.5169999599
241
5.80599999428
241
4.46900010109
6.29699993134
241
6.73500013351
11.0780000687
241
220.468999863
2.61000013351
241
0.18799996376
