0.155999898911
0.156999826431
0.156999826431
0.156999826431
0.155999898911
0.15700006485
0.15700006485
0.155999898911
0.155999898911
0.15700006485
0.703000068665
1.34399986267
0.734999895096
0.297000169754
1.375
0.219000101089
0.43799996376
0.719000101089
0.296999931335
0.203000068665
4.76600003242
5.54699993134
11.5
43.5399999619
12.2389998436
10.3899998665
2.96899986267
0.765000104904
101.460000038
2.69499993324
241
241
26.0460000038
241
241
241
241
0.203999996185
241
241
241
241
241
241
241
241
241
241
241
5.42200016975
0.702999830246
241
241
241
241
241
241
241
241
241
241
241
241
241
241
241
241
241
241
241
241
241
241
241
241
241
241
241
241
241
241
241
241
241
241
241
241
241
241
241
241
241
241
241
241
241
241
241
241
241
