0.155999898911
0.171999931335
0.155999898911
0.155999898911
0.18799996376
0.171999931335
0.18700003624
0.171999931335
0.18700003624
0.155999898911
0.203000068665
0.202999830246
0.218999862671
0.265000104904
0.219000101089
0.266000032425
0.218999862671
0.21799993515
0.25
0.25
0.280999898911
0.328000068665
0.332000017166
0.265000104904
0.328000068665
0.281999826431
0.328000068665
0.31200003624
0.296999931335
0.344000101089
0.327999830246
0.359999895096
0.421999931335
0.328000068665
0.342000007629
0.406000137329
0.389999866486
0.5
0.343999862671
0.391000032425
0.469000101089
0.468999862671
0.43700003624
0.469000101089
0.5
0.483999967575
0.365000009537
0.390000104904
0.468000173569
0.53200006485
0.671999931335
0.578000068665
0.516000032425
0.593999862671
0.43700003624
0.703000068665
0.5
0.719000101089
0.53200006485
0.53200006485
0.828000068665
0.702999830246
0.703000068665
0.640000104904
0.56299996376
0.764999866486
0.75
0.608999967575
0.828000068665
0.75
0.703000068665
0.671999931335
0.75
0.843999862671
0.68799996376
0.81299996376
0.780999898911
0.764999866486
0.875
0.953999996185
0.891000032425
0.90700006485
0.968999862671
0.844000101089
0.797000169754
1.56300020218
0.953999996185
1.18799996376
0.81299996376
1.34399986267
1.20300006866
1.01600003242
1.10899996758
1.71799993515
1.0
1.18799996376
1.5150001049
1.71900010109
1.06199979782
1.0
