3.35800004005
1.125
1.08800005913
1.15900015831
1.19599986076
1.21899986267
1.15699982643
1.15200018883
1.12199997902
1.0
2.95600008965
3.992000103
3.12000012398
3.54299998283
3.42600011826
5.49500012398
2.89600014687
6.2349998951
3.19500017166
3.15700006485
18.7939999104
19.4149999619
6.625
19.8770000935
6.31200003624
35.8170001507
6.20299983025
6.43799996376
11.5690000057
36.2690000534
10.1850001812
85.0190000534
23.0380001068
9.02300000191
10.1289999485
9.18000006676
13.7460000515
61.7209999561
9.72399997711
46.4489998817
17.7019999027
14.1089999676
33.0770001411
196.756000042
24.3099999428
14.2920000553
170.388999939
188.506999969
14.9869999886
14.5299999714
76.4079999924
16.4300000668
18.8289999962
135.708000183
22.7220001221
16.3760001659
172.137000084
16.9800000191
23.5480000973
376.578999996
248.974999905
21.0169999599
27.8770000935
20.9070000648
24.1029999256
21.0320000648
29.5280001163
250.444000006
29.6919999123
617.325000048
187.93900013
27.876999855
160.904999971
26.9400000572
186.782000065
804.529999971
243.44900012
26.361000061
199.70299983
852.250999928
502.363000154
32.7290000916
420.688999891
33.0329999924
190.002000093
1118.55299997
79.7810001373
33.7039999962
66.8819999695
1170.62699986
66.6440000534
39.2509999275
1509.88700008
1557.671
1295.69499993
38.8940000534
47.5130000114
36.6529998779
60.3900001049
1495.66700006
