41759.7060001
0 0.8
1 0.947368421053
2 0.947368421053
3 0.888888888889
4 1
5 0.764705882353
6 0.888888888889
7 0.947368421053
8 0.764705882353
9 1
10 1
11 1
12 0.764705882353
13 0.947368421053
14 0.8
15 0.733333333333
16 1
17 0.947368421053
18 0.947368421053
19 1
20 0.947368421053
21 0.947368421053
22 0.764705882353
23 1
24 0.888888888889
25 0.888888888889
26 1
27 1
28 0.764705882353
29 1
30 0.888888888889
31 0.764705882353
32 0.8
33 0.764705882353
34 1
35 1
36 0.733333333333
37 1
38 0.733333333333
39 0.733333333333
40 0.947368421053
41 0.733333333333
42 0.947368421053
43 0.947368421053
44 1
45 0.764705882353
46 1
47 0.888888888889
48 1
49 0.733333333333
50 0.764705882353
51 0.733333333333
52 0.947368421053
53 1
54 0.947368421053
55 1
56 0.764705882353
57 0.764705882353
58 0.8
59 0.0
60 0.947368421053
61 0.733333333333
62 0.764705882353
63 0.764705882353
64 0.947368421053
65 1
66 0.888888888889
67 0.733333333333
68 0.733333333333
69 0.764705882353
70 1
71 0.947368421053
72 0.8
73 0.733333333333
74 1
75 0.733333333333
76 0.764705882353
77 0.888888888889
78 0.947368421053
79 0.888888888889
80 0.764705882353
81 0.947368421053
82 1
83 0.764705882353
84 0.733333333333
85 0.947368421053
86 0.733333333333
87 0.733333333333
88 1
89 1
