10 0 0.0629999637604
10 1 0.0309998989105
10 2 0.0310001373291
10 3 0.0469999313354
10 4 0.0309998989105
10 5 0.0469999313354
10 6 0.0460000038147
10 7 0.047000169754
10 8 0.0469999313354
10 9 0.0310001373291
20 0 0.0309998989105
20 1 0.0460000038147
20 2 0.0469999313354
20 3 0.0469999313354
20 4 0.047000169754
20 5 0.0469999313354
20 6 0.0460000038147
20 7 0.0460000038147
20 8 0.0620000362396
20 9 0.0469999313354
30 0 0.0620000362396
30 1 0.0780000686646
30 2 0.0469999313354
30 3 0.0460000038147
30 4 0.0469999313354
30 5 0.0469999313354
30 6 0.0469999313354
30 7 0.0469999313354
30 8 0.0469999313354
30 9 0.139999866486
40 0 0.0620000362396
40 1 0.0469999313354
40 2 0.0309998989105
40 3 0.202999830246
40 4 0.0319998264313
40 5 0.0629999637604
40 6 0.0940001010895
40 7 0.0629999637604
40 8 0.0469999313354
40 9 0.0629999637604
50 0 0.202999830246
50 1 0.0780000686646
50 2 0.0940001010895
50 3 0.0469999313354
50 4 0.358999967575
50 5 0.0629999637604
50 6 0.047000169754
50 7 0.0939998626709
50 8 0.061999797821
50 9 0.0929999351501
60 0 0.297000169754
60 1 0.0629999637604
60 2 0.108999967575
60 3 3.17199993134
60 4 6.54699993134
60 5 0.110000133514
60 6 0.266000032425
60 7 0.0780000686646
60 8 0.156000137329
60 9 0.266000032425
70 0 1.25
70 1 2.48399996758
70 2 5.01600003242
70 3 18.3139998913
70 4 1.07899999619
70 5 0.109999895096
70 6 1.04699993134
70 7 0.109999895096
70 8 0.328000068665
70 9 1.375
80 0 4.64099979401
80 1 16.3760001659
80 2 10.9379999638
80 3 0.906000137329
80 4 0.453000068665
80 5 2.78199982643
80 6 209.356000185
80 7 6.28099989891
80 8 0.671999931335
80 9 0.421999931335
90 0 855.236000061
90 1 59.4240000248
90 2 12.4689998627
90 3 26.1579999924
90 4 14.1260001659
90 5 0.530999898911
90 6 1779.09000015
90 7 401.400000095
90 8 59.0810000896
90 9 0.219000101089