48 57 57 71 205 205 332 384 507 507 507 559 578 602 602 803 1000
21 31 41 51 135 135 294 435 547 552 552 604 635 656 656 858 1000
97 111 121 131 222 224 355 426 482 492 492 560 574 603 610 805 1000
86 107 112 128 216 216 259 346 406 406 411 460 492 513 518 685 1000
74 92 99 125 220 222 337 413 484 487 490 543 575 621 625 815 1000
89 135 155 185 313 315 404 445 507 522 532 588 603 644 654 842 1000
79 133 138 172 278 307 341 380 429 434 444 458 477 643 653 866 1000
127 180 186 255 390 390 448 476 550 558 558 623 639 667 667 859 1000
88 134 159 204 360 360 406 416 471 496 496 583 602 632 632 815 1000
67 84 89 111 234 234 363 450 495 500 500 579 596 624 624 793 1000
